S:3 bit:7
# Generation: 1
[0, 0, 2, 1, 2, 0, 1]
-------------------XXXXXXXXXXXXXXXXXXXXXXX---------------------------------------------XXXXXXXXXXXXXXXXXXXXXXX----------------------------------------------------------------------
S:5 bit:12
# Generation: 9
[0, 3, 2, 1, 2, 3, 3, 4, 0, 1, 4, 2]
-------------------XXXXXXXXXXXXXXXXXXXXXXX---------------------------------------------XXXXXXXXXXXXXXXXXXXXXXX----------------------------------------------------------------------
S:10 bit:24
# Generation: 90
[7, 6, 5, 4, 6, 1, 9, 7, 2, 8, 2, 3, 3, 0, 9, 4, 1, 7, 8, 9, 1, 5, 6, 7]
-------------------XXXXXXXXXXXXXXXXXXXXXXX---------------------------------------------XXXXXXXXXXXXXXXXXXXXXXX----------------------------------------------------------------------
S:15 bit:36
# Generation: 524
[5, 11, 3, 14, 0, 8, 2, 12, 9, 4, 9, 13, 4, 6, 1, 7, 2, 11, 0, 10, 4, 7, 6, 10, 13, 12, 12, 8, 14, 5241, 5, 9, 8, 0, 1, 3]
-------------------XXXXXXXXXXXXXXXXXXXXXXX---------------------------------------------XXXXXXXXXXXXXXXXXXXXXXX----------------------------------------------------------------------
S:20 bit:47
# Generation: 1514
[14, 19, 1, 15, 18, 9, 11, 16, 17, 16, 0, 6, 5, 13, 2, 10, 8, 13, 11, 15, 12, 4, 3, 2, 8, 10, 6, 12, 7, 7, 16, 13, 4, 18, 0, 3, 17, 1, 11, 17, 2, 15, 19, 11, 14, 9, 5]