S=3 G=10 
# Generations: 1 
[1, 2, 0, 0, 1, 0, 2, 2, 1, 1]
-------------------XXXXXXXXXXXXXXXXXXXXXXX---------------------------------------------XXXXXXXXXXXXXXXXXXXXXXX----------------------------------------------------------------------
S=5 G=26 
# Generations 117 
[3, 2, 0, 1, 4, 4, 2, 2, 3, 1, 3, 0, 4, 0, 0, 2, 4, 1, 1, 2, 1, 0, 3, 3, 4, 3]
-------------------XXXXXXXXXXXXXXXXXXXXXXX---------------------------------------------XXXXXXXXXXXXXXXXXXXXXXX----------------------------------------------------------------------
S=10 bit:100
# Generaions: 21606
[6, 5, 5, 0, 1, 3, 6, 7, 8, 1, 5, 3, 8, 2, 6, 4, 1, 4, 0, 6, 0, 2, 4, 9, 4, 3, 3, 7, 2, 3, 4, 6, 1, 8, 3, 1, 7, 3, 2, 7, 6, 2, 9, 8, 0, 7, 7, 9, 7, 0, 4, 7, 5, 4, 8, 9, 9, 0, 8, 4, 5, 6, 6, 3, 9, 1, 2, 2, 8, 8, 7, 1, 6, 8, 6, 9, 5, 2, 0, 9, 2, 1, 0, 3, 0, 0, 5, 8, 5, 9, 3, 5, 7, 4, 4, 2, 5, 1, 1, 9]
-------------------XXXXXXXXXXXXXXXXXXXXXXX---------------------------------------------XXXXXXXXXXXXXXXXXXXXXXX----------------------------------------------------------------------
S:15 bit:210
# Generaions: 7563
Best individual ---  Fitness:  1.0 Genotype:  [8, 9, 14, 4, 4, 1, 13, 12, 6, 13, 8, 8, 4, 0, 2, 9, 3, 12, 0, 11, 11, 4, 5, 0, 1, 14, 7, 3, 8, 2, 3, 7, 7, 0, 5, 3, 2, 2, 6, 14, 6, 7, 6, 11, 6, 2, 0, 9, 4, 2, 12, 9, 7, 11, 10, 8, 5, 11, 0, 4, 6, 12, 7, 8, 3, 3, 14, 3, 5, 7, 5, 2, 13, 4, 12, 11, 5, 10, 6, 3, 13, 0, 13, 2, 7, 2, 11, 14, 11, 12, 3, 6, 10, 9, 12, 4, 10, 2, 14, 10, 4, 3, 4, 11, 2, 4, 13, 6, 0, 3, 11, 7, 9, 8, 10, 12, 5, 12, 13, 10, 0, 10, 11, 9, 5, 4, 7, 14, 2, 10, 1, 6, 4, 9, 13, 5, 13, 7, 10, 10, 13, 1, 0, 6, 9, 2, 8, 6, 8, 14, 12, 2, 5, 1, 12, 1, 7, 13, 9, 1, 11, 3, 9, 9, 10, 7, 12, 8, 13, 3, 0, 14, 14, 9, 11, 13, 14, 0, 7, 1, 1, 4, 14, 5, 6, 1, 8, 0, 8, 11, 1, 9, 6, 5, 5, 14, 8, 1, 10, 5, 9, 0, 0, 12, 14, 1, 2, 1, 5, 8]
-------------------XXXXXXXXXXXXXXXXXXXXXXX---------------------------------------------XXXXXXXXXXXXXXXXXXXXXXX----------------------------------------------------------------------
S:20 bit:340
# Generaions: 6290
[11, 2, 16, 18, 7, 19, 8, 18, 14, 9, 14, 8, 8, 2, 12, 14, 15, 17, 7, 10, 16, 16, 19, 1, 17, 1, 18, 15, 19, 9, 9, 17, 8, 13, 0, 8, 5, 19, 17, 10, 13, 2, 1, 5, 16, 6, 17, 14, 4, 11, 8, 12, 2, 8, 19, 3, 6, 16, 13, 5, 3, 7, 13, 16, 1, 8, 6, 7, 9, 1, 3, 10, 0, 9, 13, 15, 1, 19, 19, 5, 13, 1, 12, 11, 17, 12, 3, 12, 7, 18, 4, 1, 1, 14, 10, 12, 6, 4, 15, 18, 6, 13, 14, 16, 17, 4, 17, 6, 12, 15, 9, 4, 10, 11, 13, 6, 14, 1, 0, 10, 10, 6, 2, 18, 1, 9, 7, 5, 8, 7, 1, 7, 3, 11, 0, 5, 0, 16, 12, 9, 0, 4, 7, 15, 13, 10, 19, 6, 5, 7, 12, 18, 9, 3, 19, 12, 19, 14, 11, 3, 14, 19, 10, 9, 2, 14, 7, 17, 11, 14, 6, 9, 19, 7, 11, 9, 10, 17, 0, 12, 1, 4, 4, 13, 18, 13, 8, 16, 7, 0, 7, 4, 8, 11, 6, 0, 6, 18, 19, 2, 3, 17, 2, 13, 11, 4, 19, 4, 12, 0, 2, 2, 17, 3, 8, 4, 3, 2, 19, 0, 14, 12, 17, 19, 15, 16, 14, 3, 18, 18, 11, 16, 2, 5, 2, 15, 7, 8, 15, 4, 0, 11, 1, 10, 15, 8, 0, 15, 3, 16, 9, 16, 10, 5, 5, 18, 8, 10, 3, 9, 12, 5, 10, 2, 10, 18, 2, 6, 11, 5, 6, 8, 1, 2, 0, 19, 11, 15, 15, 5, 17, 16, 8, 14, 18, 5, 15, 12, 8, 17, 5, 4, 16, 5, 14, 0, 1, 15, 11, 12, 4, 2, 11, 18, 17, 13, 9, 15, 0, 13, 13, 17, 18, 10, 8, 3, 3, 15, 10, 1, 16, 11, 11, 7, 14, 14, 5, 1, 6, 3, 5, 12, 12, 13, 4, 14, 2, 7, 6, 19]
-------------------XXXXXXXXXXXXXXXXXXXXXXX---------------------------------------------XXXXXXXXXXXXXXXXXXXXXXX----------------------------------------------------------------------
